PC/104 FIRe Fluorometer 1.3.2
 2/21/2009     42175
LED Color: blue
Gain:   0
Sample Delay (msec):  1000
Number Samples: 100
STF (usec):   80
STRP (#samples):   40
STRI (usec):   60
MTF (ms):    20
MTF (#samples):   250
MTRP (#samples):   40
MTRI (usec):  100
PQLen:     4
Ambient Light Source Power: Off
PAR (uMol/m^2/s):  0.00
Comment:

         Time    EX   Fl-Yield 
DATA--------------------------
   0         0     0       0.0 
   1         1   956       1.9 
   2         2   983       2.8 
   3         3   986       3.3 
   4         4   988       2.9 
   5         5   988       2.9 
   6         6   992       3.3 
   7         7   992       3.3 
   8         8   990       3.4 
   9         9   992       3.2 
  10        10   994       3.3 
  11        11   992       3.8 
  12        12   992       3.7 
  13        13   996       3.3 
  14        14   994       3.5 
  15        15   994       3.7 
  16        16   996       3.6 
  17        17   994       3.7 
  18        18   996       3.7 
  19        19   995       3.8 
  20        20   994       3.7 
  21        21   994       3.9 
  22        22   994       4.0 
  23        23   995       3.8 
  24        24   994       3.8 
  25        25   997       3.6 
  26        26   995       3.8 
  27        27   997       4.1 
  28        28   997       4.1 
  29        29   996       4.1 
  30        30   998       3.8 
  31        31   997       4.1 
  32        32   996       4.0 
  33        33   997       4.1 
  34        34   997       4.0 
  35        35   995       3.8 
  36        36   999       3.7 
  37        37   998       4.3 
  38        38   995       4.4 
  39        39   999       3.9 
  40        40   997       4.2 
  41        41   997       4.2 
  42        42   995       4.0 
  43        43   998       4.1 
  44        44   997       4.1 
  45        45   997       4.1 
  46        46   997       4.0 
  47        47   998       4.2 
  48        48   999       4.4 
  49        49   998       4.3 
  50        50   999       4.5 
  51        51   998       4.3 
  52        52   998       4.0 
  53        53  1000       4.0 
  54        54   999       4.4 
  55        55   997       4.2 
  56        56   997       3.7 
  57        57   997       4.5 
  58        58   996       4.3 
  59        59   999       4.0 
  60        60   997       4.3 
  61        61   996       4.4 
  62        62   997       4.1 
  63        63   998       4.2 
  64        64   996       4.0 
  65        65   999       4.1 
  66        66   999       4.1 
  67        67   999       4.3 
  68        68   999       4.0 
  69        69   998       4.2 
  70        70   998       4.2 
  71        71   997       4.3 
  72        72  1000       4.0 
  73        73  1000       4.2 
  74        74  1000       4.1 
  75        75   999       4.1 
  76        76   999       4.3 
  77        77  1000       4.2 
  78        78   998       4.2 
  79        79   998       4.2 
  80        80   998       4.2 
  81       140   754       2.2 
  82       200   753       2.0 
  83       260   754       2.2 
  84       320   755       2.2 
  85       380   754       1.6 
  86       440   753       1.4 
  87       500   753       2.1 
  88       560   751       2.3 
  89       620   749       2.8 
  90       800   743       2.5 
  91       980   745       2.3 
  92      1160   747       2.3 
  93      1340   745       2.6 
  94      1520   741       2.0 
  95      2060   739       2.1 
  96      2681   738       2.3 
  97      3395   739       2.8 
  98      4216   736       1.8 
  99      5160   736       2.0 
 100      6246   737       2.0 
 101      7495   733       2.4 
 102      8931   732       1.1 
 103     10582   731       2.0 
 104     12481   730       0.8 
 105     14665   730       1.5 
 106     17177   729       1.3 
 107     20066   729       2.1 
 108     23388   728       1.3 
 109     27208   728       1.3 
 110     31601   728       1.7 
 111     36653   728       1.4 
 112     42463   726       1.0 
 113     49145   725       1.5 
 114     56829   723       1.5 
 115     65666   723       1.3 
 116     75829   721       1.0 
 117     87516   724       1.1 
 118    100956   721       1.7 
 119    116412   718       1.1 
 120    134186   718       1.1 
 121        80   974       5.7 
 122       160   979       6.1 
 123       240   978       6.7 
 124       320   978       6.6 
 125       400   977       6.8 
 126       480   977       6.7 
 127       560   977       6.7 
 128       640   975       7.0 
 129       720   975       7.0 
 130       800   977       7.0 
 131       880   976       6.9 
 132       960   978       7.1 
 133      1040   978       7.1 
 134      1120   976       7.4 
 135      1200   978       6.7 
 136      1280   975       7.3 
 137      1360   971       6.9 
 138      1440   975       7.2 
 139      1520   974       7.0 
 140      1600   972       7.0 
 141      1680   970       7.0 
 142      1760   975       7.0 
 143      1840   974       6.8 
 144      1920   975       6.6 
 145      2000   975       6.8 
 146      2080   975       7.1 
 147      2160   975       7.3 
 148      2240   975       7.1 
 149      2320   973       7.0 
 150      2400   975       6.9 
 151      2480   971       7.0 
 152      2560   972       7.2 
 153      2640   972       6.9 
 154      2720   968       7.3 
 155      2800   970       7.2 
 156      2880   971       6.9 
 157      2960   970       6.8 
 158      3040   973       7.0 
 159      3120   971       6.8 
 160      3200   969       7.3 
 161      3280   971       6.8 
 162      3360   971       7.0 
 163      3440   973       7.4 
 164      3520   972       7.2 
 165      3600   970       7.6 
 166      3680   968       7.0 
 167      3760   967       6.7 
 168      3840   969       7.2 
 169      3920   969       6.7 
 170      4000   968       7.1 
 171      4080   968       7.2 
 172      4160   969       7.2 
 173      4240   970       7.2 
 174      4320   968       7.0 
 175      4400   967       7.0 
 176      4480   967       7.1 
 177      4560   968       7.1 
 178      4640   968       6.7 
 179      4720   967       6.9 
 180      4800   968       7.3 
 181      4880   968       7.1 
 182      4960   966       7.3 
 183      5040   967       7.1 
 184      5120   967       6.9 
 185      5200   965       7.1 
 186      5280   967       7.0 
 187      5360   968       7.3 
 188      5440   967       7.2 
 189      5520   967       6.8 
 190      5600   964       7.3 
 191      5680   966       7.0 
 192      5760   964       7.4 
 193      5840   964       7.3 
 194      5920   964       7.1 
 195      6000   966       7.3 
 196      6080   966       7.2 
 197      6160   964       6.9 
 198      6240   963       7.4 
 199      6320   965       7.1 
 200      6400   964       7.0 
 201      6480   962       7.1 
 202      6560   964       7.4 
 203      6640   962       7.7 
 204      6720   959       7.1 
 205      6800   962       7.2 
 206      6880   961       7.3 
 207      6960   960       7.1 
 208      7040   961       7.6 
 209      7120   963       7.3 
 210      7200   964       7.2 
 211      7280   961       7.7 
 212      7360   962       7.3 
 213      7440   962       7.2 
 214      7520   961       6.9 
 215      7600   962       7.2 
 216      7680   962       7.3 
 217      7760   961       7.1 
 218      7840   961       7.1 
 219      7920   960       7.1 
 220      8000   961       7.0 
 221      8080   962       7.0 
 222      8160   959       7.0 
 223      8240   958       7.5 
 224      8320   960       7.2 
 225      8400   961       7.5 
 226      8480   959       7.2 
 227      8560   961       7.1 
 228      8640   957       7.4 
 229      8720   958       7.3 
 230      8800   956       7.1 
 231      8880   959       7.2 
 232      8960   957       7.4 
 233      9040   958       7.4 
 234      9120   958       7.8 
 235      9200   958       7.1 
 236      9280   958       7.1 
 237      9360   958       7.2 
 238      9440   956       7.2 
 239      9520   957       7.2 
 240      9600   960       7.3 
 241      9680   960       7.3 
 242      9760   959       7.2 
 243      9840   958       7.4 
 244      9920   957       6.9 
 245     10000   959       7.7 
 246     10080   956       7.6 
 247     10160   959       7.4 
 248     10240   956       7.5 
 249     10320   956       7.4 
 250     10400   955       7.7 
 251     10480   957       7.3 
 252     10560   956       7.1 
 253     10640   955       7.7 
 254     10720   957       7.5 
 255     10800   956       7.5 
 256     10880   955       7.3 
 257     10960   957       7.2 
 258     11040   955       7.6 
 259     11120   956       7.4 
 260     11200   956       7.4 
 261     11280   956       7.2 
 262     11360   954       7.3 
 263     11440   955       7.3 
 264     11520   956       7.2 
 265     11600   957       7.4 
 266     11680   953       7.6 
 267     11760   955       7.2 
 268     11840   955       7.1 
 269     11920   955       7.5 
 270     12000   955       7.5 
 271     12080   954       7.7 
 272     12160   955       7.4 
 273     12240   956       7.1 
 274     12320   955       7.5 
 275     12400   956       7.5 
 276     12480   955       7.6 
 277     12560   956       7.6 
 278     12640   954       7.6 
 279     12720   955       7.6 
 280     12800   954       7.3 
 281     12880   954       7.0 
 282     12960   955       7.1 
 283     13040   953       7.3 
 284     13120   952       7.6 
 285     13200   952       7.3 
 286     13280   952       7.6 
 287     13360   953       7.4 
 288     13440   953       7.1 
 289     13520   953       7.7 
 290     13600   953       7.3 
 291     13680   953       7.6 
 292     13760   952       7.4 
 293     13840   952       7.3 
 294     13920   954       7.3 
 295     14000   954       7.4 
 296     14080   951       7.0 
 297     14160   952       7.6 
 298     14240   953       7.6 
 299     14320   951       7.4 
 300     14400   954       7.3 
 301     14480   952       7.2 
 302     14560   950       7.2 
 303     14640   951       7.4 
 304     14720   951       7.6 
 305     14800   953       7.5 
 306     14880   952       7.1 
 307     14960   951       7.4 
 308     15040   953       7.3 
 309     15120   951       7.3 
 310     15200   949       7.8 
 311     15280   951       7.4 
 312     15360   951       7.5 
 313     15440   951       7.4 
 314     15520   955       7.1 
 315     15600   953       7.4 
 316     15680   950       7.4 
 317     15760   951       7.3 
 318     15840   949       7.9 
 319     15920   952       7.7 
 320     16000   952       7.4 
 321     16080   953       7.5 
 322     16160   952       7.4 
 323     16240   948       7.5 
 324     16320   949       7.4 
 325     16400   950       7.5 
 326     16480   953       7.4 
 327     16560   951       7.4 
 328     16640   950       7.3 
 329     16720   951       7.5 
 330     16800   949       7.5 
 331     16880   948       7.7 
 332     16960   946       7.5 
 333     17040   951       7.5 
 334     17120   949       8.0 
 335     17200   950       7.9 
 336     17280   951       7.3 
 337     17360   951       7.4 
 338     17440   950       7.2 
 339     17520   949       7.5 
 340     17600   948       7.5 
 341     17680   951       7.5 
 342     17760   949       7.4 
 343     17840   949       7.5 
 344     17920   949       7.5 
 345     18000   949       7.6 
 346     18080   952       7.6 
 347     18160   949       7.4 
 348     18240   950       7.6 
 349     18320   950       7.6 
 350     18400   950       7.7 
 351     18480   950       7.7 
 352     18560   951       7.5 
 353     18640   952       7.9 
 354     18720   952       7.6 
 355     18800   950       7.6 
 356     18880   951       7.5 
 357     18960   949       7.5 
 358     19040   950       7.3 
 359     19120   948       7.5 
 360     19200   950       7.5 
 361     19280   947       7.6 
 362     19360   948       7.5 
 363     19440   949       7.9 
 364     19520   951       7.4 
 365     19600   951       7.2 
 366     19680   949       7.3 
 367     19760   945       7.6 
 368     19840   948       7.7 
 369     19920   952       7.4 
 370     20000   950       7.3 
 371       100   706       2.5 
 372       200   710       2.3 
 373       300   710       3.5 
 374       400   711       2.2 
 375       500   708       3.6 
 376       600   707       2.8 
 377       900   705       2.3 
 378      1200   705       2.4 
 379      1500   706       2.2 
 380      2400   698       2.2 
 381      3435   699       1.9 
 382      4625   704       2.1 
 383      5993   702       1.9 
 384      7566   703       2.5 
 385      9375   703       1.6 
 386     11455   707       2.2 
 387     13847   706       2.5 
 388     16598   707       0.8 
 389     19762   706       1.8 
 390     23401   706       1.9 
 391     27586   710       2.3 
 392     32399   707       1.8 
 393     37934   705       1.8 
 394     44299   708       1.5 
 395     51619   709       2.1 
 396     60037   707       1.4 
 397     69718   704       1.9 
 398     80851   708       1.7 
 399     93654   708       2.2 
 400    108377   709       2.3 
 401    125308   707       1.8 
 402    144779   709       1.9 
 403    167171   710       1.1 
 404    192922   705       2.1 
 405    222536   706       2.2 
 406    256592   711       2.1 
 407    295756   706       1.3 
 408    340795   708       1.3 
 409    392590   709       0.1 
 410    452154   705       1.9 
